dd3f95f5e089cd96b2de06c53f4005317e91b657fc30dd2e9e7676bfe8d8b1e5 0 0 0 0
3b451dffbcd4a9cf8f5219245a5a27e324e4263eb1c3566da9a8a71e3ba68d62 0 0 0 0
82ce1e12dd0af88ac15bd3dda8128eaeab502f060ba814db54498eedc49cfe03 0 0 0 0
25cab4a9facd40e42dc1b55ad0e90dc3dc588c4a71f082ae47e1dc0df0099ac5 0 0 0 0
8225a24bfe2342f7bb661dae678f58393313f8d71f0e6e7536c6d224705a7322 0 0 0 0
726afa1f7448630f3d6f3d64cb1bc7ee85b35ddfa6388be97ff313bd3ddd129c 0 0 0 0
fab7a0c9b1fdb285602c254a5d545d728b1a5d56df49efecbbdbbf6329215bb1 0 0 0 0
fee794f124c8c9c68bf1b66d65daf0b79ee40a8d206db5c0bc5e14585a94a50a 0 0 0 0
b6176799a9dd35cecd30f9e1d2b4e3cb869a9d37517815c4d740ccd20570d263 0 0 0 0
5ae3d482bd39fe3a5daf417a934579ebd37927249702a1d68efa847ab4c6c976 0 0 0 0
82d7928ac8c7f8b0b7b2f6d64e0e9cd77c67be0ec4dc139dbe5f74c486c4b0ed 0 0 0 0
aa2d95cd56c0fb7c48687ec513fc7ec9fd0e3ddf8bbc04a7932d18167c09ef89 0 0 0 0
f70c45ea64168d352a2e4b2e566361790efad66b28ae5bf46c5b1932f771e3aa 0 0 0 0
1305482d7c2c72ca08a6e91cff1a56ca5f2e788655dcf851f04c359de6b8c893 0 0 0 0
c435464cda568c8c3f039a7d180811dac5c452f33f74400bea2608e11336b2f7 0 0 0 0
e453d1d32b4228cd54d61024ae59ff0f39a23627668bca96c9d18b839aa78263 0 0 0 0
d6daa788bc300c48e0121158dd78ae72f41bc37caf2db9268ca7fe175eeabd8f 0 0 0 0
ba6aefb0a1f41754398540598991eeb5467cb7ef4c5c8d7a02266b66bf226456 0 0 0 0
091b8b90221e2e784b77dc59e4921bbb292465d4be80095346dcbe9760f1b9a8 0 0 0 0
09a10d9f8d6726c67a89143efd54266f99b00f3818471da4ddab8e7c2a274382 0 0 0 0
038d64c88c690a99a204126f22152472712c6f9489ed4c40a7fb27d5ec9fbbbf 0 0 0 0
6840af399822e36e7834664068f37f4627738a6e955ceb7089826c93ea1c2f9d 0 0 0 0
ca13bd7e1c5eaa1ccdb192a707d6d55ea925b46f7efddf0f0615573e5df936bd 0 0 0 0
71a1b3243a9ab07f731abf42b07d5eb6811e904232279d24b1c3ea3948561db7 0 0 0 0
53a95f40f77477fdf47db149ac0663b046051953bd7f4404768027ac777ddaf5 0 0 0 0
def152ed81b1b96558a7257fa250225ef44ad51770acf886d4b08ff45ba7de07 0 0 0 0
161b085f88d3432993c28996628d37bfa127acb33c0e7c00fa5e901cbc3a27c2 0 0 0 0
ae256c3ea557d79b1b15e7af87b21e9aed389a49147be7e74fa1df56dccb8286 0 0 0 0
07e35e9d7709dfebecc1f63aa9dab40b3ad4087c52485496937854f80b2c4544 0 0 0 0
615ac03d1f2ad176fff178cb5d1c2cda7b04e04ad50d47953ec57dcb8e709bd7 0 0 0 0
